max_iter_num = 55000000
steps = 10000000
threads = 256
rel_precision = 0.00001
abs_precision = 0.00005
x1 = -10
x2 = 10
y1 = -10
y2 = 10
m = 5
a1 = 1 2 1 1 5
a2 = 4 5 1 2 4
c = 2 1 4 7 2